[{"id": 0, "img_name": "0001", "width": 1056, "height": 1890, "position": [-3.313931132165281, 1.8275731047239856, -2.547321667603644], "rotation": [[0.9540326067108685, 0.006353771970297728, 0.29963547005355473], [0.009336497277478496, 0.9986599192198551, -0.05090378730880728], [-0.29955736537607097, 0.05136141864806802, 0.9526948039762815]], "fy": 1367.591816182447, "fx": 1376.6547402294664}, {"id": 1, "img_name": "0115", "width": 1056, "height": 1890, "position": [2.2461393847124516, 2.926370537109168, 2.754679040237412], "rotation": [[0.545502571144077, -0.2293064247419698, -0.8061299575423657], [0.025306518808033585, 0.9659116266073362, -0.2576321208440214], [0.8377269990760831, 0.12013864139745004, 0.5327102231627953]], "fy": 1367.591816182447, "fx": 1376.6547402294664}, {"id": 2, "img_name": "0009", "width": 1056, "height": 1890, "position": [-1.8163656128127104, 1.4599150894937, -2.592093349346969], "rotation": [[0.9973940956194138, 0.0014308552540689278, 0.07213162050566693], [-0.00019533938499078978, 0.9998532041484308, -0.017132775508968395], [-0.07214554640486354, 0.017074038987830012, 0.9972479618061829]], "fy": 1367.591816182447, "fx": 1376.6547402294664}, {"id": 3, "img_name": "0026", "width": 1056, "height": 1890, "position": [3.560851263398405, 1.2430796697679642, -0.2363840591086132], "rotation": [[0.6196566768495121, -0.06685647659583019, -0.7820203414061622], [0.017859625403815513, 0.9973085576641533, -0.0711102987638359], [0.784669762776835, 0.03009738106609653, 0.6191829382635696]], "fy": 1367.591816182447, "fx": 1376.6547402294664}, {"id": 4, "img_name": "0035", "width": 1056, "height": 1890, "position": [3.7994756947672665, 2.1396538056777934, 1.520325836166431], "rotation": [[0.571239946143558, -0.16385295140345713, -0.8042618567645], [-0.11576645300108934, 0.953991734413545, -0.2765825356565064], [0.8125780284313942, 0.2511015352143678, 0.5259895119900551]], "fy": 1367.591816182447, "fx": 1376.6547402294664}, {"id": 5, "img_name": "0072", "width": 1056, "height": 1890, "position": [-3.1871767717821347, -2.3441810940552865, 0.3189454983513175], "rotation": [[0.9294347661144166, -0.04849958262402006, 0.3657851910932643], [-0.13336958861541573, 0.8801464619956763, 0.45558178000118527], [-0.34404006797231446, -0.472218165599111, 0.8115703516687974]], "fy": 1367.591816182447, "fx": 1376.6547402294664}, {"id": 6, "img_name": "0085", "width": 1056, "height": 1890, "position": [-0.6901736052594226, -2.7286065915367352, 0.04377684767645011], "rotation": [[0.9542917654920757, 0.2692371208958582, -0.12976362759157953], [-0.17749261747864842, 0.8598383392408334, 0.4787216321748407], [0.24046537599952986, -0.4338080256326229, 0.8683242481021305]], "fy": 1367.591816182447, "fx": 1376.6547402294664}, {"id": 7, "img_name": "0089", "width": 1056, "height": 1890, "position": [0.24520573678136867, -2.7745496634953266, 0.7380719123947], "rotation": [[0.8627523034761728, 0.271298043723421, -0.4266800139664415], [-0.05189219508544624, 0.8869164995658662, 0.4590057983152774], [0.502956919562473, -0.37386694728161757, 0.7792675040026705]], "fy": 1367.591816182447, "fx": 1376.6547402294664}, {"id": 8, "img_name": "0108", "width": 1056, "height": 1890, "position": [2.955450696682188, 1.1771157267461236, 3.3221251879766363], "rotation": [[0.334859392699777, -0.059999391922838624, -0.9403559220261369], [-0.16067336640834554, 0.9797191589180642, -0.11972651742989371], [0.9284682312539001, 0.19118170053059658, 0.31842785828894304]], "fy": 1367.591816182447, "fx": 1376.6547402294664}]